10
3 1
0 0
1 1
0 1
1
5 1
0 0
2 0
1 1
2 2
0 2
2
5 1
0 0
2 0
1 1
2 2
0 2
4
6 2
0 0
3 0
2 1
3 2
0 2
1 1
1
2
12 2
3 0
5 0
5 3
3 3
3 5
6 5
6 6
0 6
0 2
3 2
3 1
0 1
1
12
16 1
1 1
2 2
3 1
4 2
5 1
6 2
5 3
8 4
5 5
4 4
3 5
2 4
1 5
0 4
1 3
0 2
1
16 2
1 1
2 2
3 1
4 2
5 1
6 2
5 3
8 4
5 5
4 4
3 5
2 4
1 5
0 4
1 3
0 2
1
5
87 2
1000000000 -1000000000
1000000000 1000000000
975000000 1000000000
950000000 1000000000
925000000 1000000000
900000000 1000000000
875000000 1000000000
850000000 1000000000
825000000 1000000000
800000000 1000000000
775000000 1000000000
750000000 1000000000
725000000 1000000000
700000000 1000000000
675000000 1000000000
650000000 1000000000
625000000 1000000000
600000000 1000000000
575000000 1000000000
550000000 1000000000
525000000 1000000000
500000000 1000000000
475000000 1000000000
450000000 1000000000
425000000 1000000000
400000000 1000000000
375000000 1000000000
350000000 1000000000
325000000 1000000000
300000000 1000000000
275000000 1000000000
250000000 1000000000
225000000 1000000000
200000000 1000000000
175000000 1000000000
150000000 1000000000
125000000 1000000000
100000000 1000000000
75000000 1000000000
50000000 1000000000
25000000 1000000000
0 1000000000
-25000000 1000000000
-50000000 1000000000
-75000000 1000000000
-100000000 1000000000
-125000000 1000000000
-150000000 1000000000
-175000000 1000000000
-200000000 1000000000
-225000000 1000000000
-250000000 1000000000
-275000000 1000000000
-300000000 1000000000
-325000000 1000000000
-350000000 1000000000
-375000000 1000000000
-400000000 1000000000
-425000000 1000000000
-450000000 1000000000
-475000000 1000000000
-500000000 1000000000
-525000000 1000000000
-550000000 1000000000
-575000000 1000000000
-600000000 1000000000
-625000000 1000000000
-650000000 1000000000
-675000000 1000000000
-700000000 1000000000
-725000000 1000000000
-750000000 1000000000
-775000000 1000000000
-800000000 1000000000
-825000000 1000000000
-850000000 1000000000
-875000000 1000000000
-900000000 1000000000
-925000000 1000000000
-950000000 1000000000
-975000000 1000000000
-1000000000 1000000000
-1000000000 -1000000000
-999999999 -999999998
-999999999 -1000000000
999999999 -1000000000
999999999 -999999998
83
1
87 1
1000000000 -1000000000
1000000000 1000000000
975000000 1000000000
950000000 1000000000
925000000 1000000000
900000000 1000000000
875000000 1000000000
850000000 1000000000
825000000 1000000000
800000000 1000000000
775000000 1000000000
750000000 1000000000
725000000 1000000000
700000000 1000000000
675000000 1000000000
650000000 1000000000
625000000 1000000000
600000000 1000000000
575000000 1000000000
550000000 1000000000
525000000 1000000000
500000000 1000000000
475000000 1000000000
450000000 1000000000
425000000 1000000000
400000000 1000000000
375000000 1000000000
350000000 1000000000
325000000 1000000000
300000000 1000000000
275000000 1000000000
250000000 1000000000
225000000 1000000000
200000000 1000000000
175000000 1000000000
150000000 1000000000
125000000 1000000000
100000000 1000000000
75000000 1000000000
50000000 1000000000
25000000 1000000000
0 1000000000
-25000000 1000000000
-50000000 1000000000
-75000000 1000000000
-100000000 1000000000
-125000000 1000000000
-150000000 1000000000
-175000000 1000000000
-200000000 1000000000
-225000000 1000000000
-250000000 1000000000
-275000000 1000000000
-300000000 1000000000
-325000000 1000000000
-350000000 1000000000
-375000000 1000000000
-400000000 1000000000
-425000000 1000000000
-450000000 1000000000
-475000000 1000000000
-500000000 1000000000
-525000000 1000000000
-550000000 1000000000
-575000000 1000000000
-600000000 1000000000
-625000000 1000000000
-650000000 1000000000
-675000000 1000000000
-700000000 1000000000
-725000000 1000000000
-750000000 1000000000
-775000000 1000000000
-800000000 1000000000
-825000000 1000000000
-850000000 1000000000
-875000000 1000000000
-900000000 1000000000
-925000000 1000000000
-950000000 1000000000
-975000000 1000000000
-1000000000 1000000000
-1000000000 -1000000000
-999999999 -999999998
-999999999 -1000000000
999999999 -1000000000
999999999 -999999998
86
95 95
-999596633 -999999977
-980655144 -999998850
-932503089 -999995985
-818904576 -999989226
-788601555 -999987423
-777189602 -999986744
-707860727 -999982619
-695742880 -999981898
-685625066 -999981296
-653691766 -999979396
-642010901 -999978701
-595421897 -999975929
-594598354 -999975880
-589472219 -999975575
-579051879 -999974955
-561673441 -999973921
-557992708 -999973702
-529067861 -999971981
-452058187 -999967399
-435486485 -999966413
-366628206 -999962316
-278828438 -999957092
-238676515 -999954703
-8689527 -999941019
5848528 -999940154
30722888 -999938674
202120674 -999928476
206591336 -999928210
249247502 -999925672
310929192 -999922002
315046907 -999921757
415451925 -999915783
417939361 -999915635
472999093 -999912359
490142233 -999911339
590933812 -999905342
649691084 -999901846
680834455 -999899993
795609458 -999893164
857560060 -999889478
943124497 -999884387
986634984 -999754025
997095510 -999622992
999317552 -995664529
999651544 -979813559
999959112 -954904850
999981547 -615922632
999991743 425556467
999975069 815520177
999936796 863435113
999761318 972808935
999693164 986480660
999010704 992997051
998264061 998619026
994021501 999387868
984843358 999768186
962722510 999894643
584293262 999999900
526023393 999996433
440005167 999991315
387516906 999988192
387483292 999988190
361650933 999986653
348423824 999985866
288506869 999982301
242186777 999979545
205614745 999977369
155630727 999974395
31578260 999967014
31174892 999966990
-130306764 999957382
-161903924 999955502
-241048087 999950793
-264292168 999949410
-435891638 999939200
-491640457 999935883
-514951766 999934496
-542800965 999932839
-567591290 999931364
-617844220 999928374
-735711711 999921361
-770720692 999919278
-934067925 999909559
-944958861 999908911
-972219815 999907289
-993007029 999011640
-998340102 997733591
-999297384 984828444
-999856671 960807055
-999949243 940746662
-999985678 581192963
-999988174 302647455
-999991104 -80417836
-999990756 -777035821
-999973374 -964095739
1
2
3
4
5
6
7
8
9
10
11
12
13
14
15
16
17
18
19
20
21
22
23
24
25
26
27
28
29
30
31
32
33
34
35
36
37
38
39
40
41
42
43
44
45
46
47
48
49
50
51
52
53
54
55
56
57
58
59
60
61
62
63
64
65
66
67
68
69
70
71
72
73
74
75
76
77
78
79
80
81
82
83
84
85
86
87
88
89
90
91
92
93
94
95