788035494 -107398031
-712728144 773891993
429279104 -365137858
-761749020 -858157608
-644628316 452929845
-111779271 -420112513
-555237961 166978812
-234205822 -311640377
-517762066 -230393513
-294276803 -630310234
87145905 -462393596
-412324525 349319627
-818048304 893864732
788307282 364979390
621220158 129866818
722937788 267612346
875477485 -254076426
859683627 334829169
-316931004 966597481
743496821 694503726
487436324 715954383
317676611 656529759
641774001 452495292
539912858 594572995
474427778 692093755
718301996 637004301
724611010 623844040
896714150 687485318
441161306 797215365
722275275 858563212
567538329 901485790
824423472 917089401
880949744 860105931
790717881 996178987
-492268644 982047602
440335119 488387567
-680859213 938082411
-760780977 964782248
-262370518 763441389
316459288 528884291
-793161346 888755286
-612786567 892056576
-895526130 987645628
-840790143 839432009
-471736855 419719108
-407150625 328237362
-283325238 123424340
-248120541 63117499
-7214715 -409117799
-527878230 369464453
-489395990 257446133
-836422201 774395726
-997154115 -526983561
-987048829 -768729795
-821511583 -725788161
-831858218 730058708
-746248264 -505502740
-799534262 -826216564
-884893279 -932401146
-814049736 -956947870
457852732 -998252209
-668092860 -937243627
-352451612 -855705565
-359554433 -910520677
69875479 -591445524
-16092924 -568707015
153257273 -548381005
615873466 -437957462
26820848 -763558544
292267448 -916359460
758116968 -675223773
522756045 -824604611
842006987 -985963128
749901854 -349019362
161367411 -530620052
282336313 -460593158
348252949 -459055958
659572345 -255494777
840199268 -409309098
766395370 -298547979
103056612 236015491
297695109 155913295
-194350662 455460457
323686836 -202616670
60976900 217613651
127358257 76300476
-11209737 332732981
405694790 -288475360
315355957 44751689
423770962 -42766481
551626119 -264062002
372861137 -304704506
390695811 -282854233
-165498386 354700786
227821824 -117908763
-389106604 568579766
356221054 141350636
391087720 52844726
392295059 57022491
672482575 -137027000