11
65 53
-42 92
36 -7
13 57
-10 -93
10 -3
-80 -28
-57 -51
57 -38
-14 -87
-2 33
-59 37
-5 34
-68 64
87 -96
21 -74
29 72
50 6
-47 -6
-84 -38
-53 25
-35 -86
58 39
-58 -10
44 42
42 49
66 -81
-35 72
68 93
-19 -73
-69 52
38 21
-35 -68
60 -20
-59 -66
83 68
-45 76
-81 71
12 -74
-99 -81
25 87
-56 70
11 -87
12 6
-30 -71
-29 -31
34 44
-18 69
9 3
63 -21
85 -47
32 -41
5 13
-58 1
94 44
-76 -6
20 1
-93 61
-54 56
-90 95
74 -55
36 -46
45 100
-31 80
59 -75
37 13
99
81
97
53
91
51
85
45
50
65
5
99
3
85
62
77
46
38
0
89
67
3
77
55
86
74
27
51
87
21
1
22
34
99
24
38
84
77
97
94
16
30
19
45
72
80
67
82
6
19
70
28
23
90 56
38 -75
25 20
-12 19
54 19
-6 -71
21 83
-75 -94
-16 69
-14 36
59 50
62 -62
68 -2
-48 -84
74 -90
5 -52
-30 97
98 23
90 -5
38 -31
36 -19
-24 -67
63 -40
69 67
-31 13
-33 -85
-56 -92
23 93
35 19
-67 -4
78 -95
-46 55
62 90
9 -96
4 43
-37 2
42 33
38 62
-1 -91
74 -14
55 -54
-85 -97
50 11
-94 57
23 6
-53 8
-62 -11
92 0
-16 -31
-42 -53
-48 -30
95 70
-9 -50
9 -1
-57 -29
-12 69
-36 47
40 -65
-52 -20
23 61
-97 85
-52 73
49 -95
-60 -23
100 -25
-20 19
-89 1
-84 70
-91 18
-51 93
-12 -5
4 91
-86 16
-11 -4
27 47
17 100
42 -87
-82 -33
16 13
-31 -51
75 73
-56 47
54 -22
53 95
-96 58
-29 -35
27 52
55 6
16 71
64 -54
37 65
13
84
17
26
2
96
84
96
16
7
67
34
48
70
52
97
9
39
72
88
5
50
74
23
83
86
40
2
49
72
95
86
51
73
47
81
62
91
20
11
2
65
84
18
2
91
17
15
27
83
91
92
18
11
89
76
69 69
-15 99
-14 -87
98 40
-19 78
90 2
8 -69
71 29
72 -14
1 42
-86 -59
-50 84
-80 -8
79 -92
-100 66
-43 24
-90 85
-53 100
44 -2
54 -4
-99 -31
0 -65
27 -15
71 -83
95 -66
-74 44
77 21
-24 39
16 51
-16 -68
30 8
-13 -91
-85 -4
38 51
47 -94
-50 92
-80 -2
2 68
18 24
1 98
-35 20
38 -96
10 -77
-64 29
99 61
-70 -21
56 58
-21 70
-8 59
36 -46
-90 49
-82 77
-47 -29
26 -34
28 50
31 45
1 19
-41 99
58 -22
-41 12
56 -97
-1 -37
-60 38
-6 85
-77 39
25 -52
-6 90
89 -86
51 63
93 -87
26
84
97
44
88
81
69
94
30
1
20
42
5
3
44
100
3
21
19
45
23
18
54
74
82
72
66
70
45
34
100
60
13
34
34
79
53
25
30
18
92
16
60
40
60
73
97
14
67
99
53
20
30
97
17
49
8
97
72
85
60
23
92
95
77
84
48
25
91
82 73
-42 78
-71 37
-63 -27
-87 74
20 -39
-55 18
9 7
-44 30
-75 9
8 10
50 -96
-31 -33
92 37
-39 32
16 -27
-89 -29
-37 4
-11 -92
10 -43
1 44
7 -96
-42 -54
80 29
-53 -41
-54 31
-23 -43
-94 -61
88 93
66 51
77 87
-37 -34
-10 28
37 -17
-62 10
-74 -2
-83 -89
-50 28
96 72
9 50
-27 45
80 -74
53 53
-86 88
-61 -21
97 -93
9 57
-89 92
-31 17
-39 10
-80 37
-43 48
-38 -79
85 -29
3 22
99 -71
4 -71
-19 -86
-84 -11
-49 74
-90 3
-14 -31
35 57
79 95
9 31
41 -71
-35 72
-14 -3
14 -6
-33 13
-7 6
61 79
-10 -69
6 51
-72 55
-88 -40
-37 47
42 36
94 -14
81 40
30 43
93 29
-43 3
9
69
91
54
57
89
53
30
78
38
68
14
37
75
54
79
67
46
97
66
21
24
71
5
59
94
10
31
50
3
33
62
51
28
43
38
67
0
77
98
39
41
50
78
31
31
6
50
35
69
75
10
20
94
10
18
94
32
29
14
22
3
34
14
1
46
36
23
19
39
36
28
12
97 76
-31 26
-86 7
-17 -24
21 -95
76 -12
-79 10
-11 54
51 -39
21 94
-67 -49
79 74
81 33
80 67
70 20
77 10
11 -71
28 -63
2 -77
88 -39
25 25
54 69
86 71
25 40
4 -67
56 34
97 6
72 46
-53 -90
-57 0
-84 -88
-26 -74
-35 73
65 -31
24 -13
54 31
9 -61
39 83
-85 -59
43 63
31 42
-23 32
-77 91
80 -77
91 -27
30 -85
59 5
45 10
20 -55
-32 -16
-86 -25
-77 -10
96 27
83 62
70 -30
-82 73
76 26
-82 26
-25 -99
-64 -73
5 75
-72 6
71 97
51 96
-15 76
-77 -17
40 -87
-62 61
-46 17
-84 -52
63 -3
-87 18
14 -11
-79 68
43 8
84 94
-69 42
-89 -32
-7 44
-46 55
15 -52
7 72
13 -86
-60 96
8 21
-35 10
41 -84
85 80
76 6
-99 -71
-47 58
-42 76
55 67
-32 44
91 -14
-82 -25
10 32
2 89
68
92
4
7
52
56
13
4
21
10
68
70
54
68
43
78
90
15
30
13
16
36
28
14
73
26
65
29
66
4
76
16
81
32
19
67
65
19
65
27
34
85
17
85
37
16
88
46
67
16
92
5
47
33
20
60
91
0
78
82
9
72
48
58
69
23
54
45
48
86
3
43
0
60
55
61
90 84
8 -88
16 61
-72 -55
55 -88
80 -79
34 93
-14 0
-99 21
-49 -44
50 32
43 10
19 28
-30 -79
-36 47
92 1
73 8
60 -69
-27 36
87 -86
-81 53
18 46
51 88
-4 -33
-5 85
-26 -59
35 -84
63 -14
58 15
5 26
71 85
8 -94
-49 -82
-71 1
18 -29
26 51
71 -69
-98 -17
62 -42
-64 -3
90 -21
-24 -16
79 -64
-61 -10
-4 5
-10 -7
-16 44
-74 -32
-84 78
-96 13
51 -69
-46 -78
-42 -33
76 70
4 57
-65 84
-52 -23
90 33
-95 76
73 -6
41 85
14 -70
-30 94
49 92
7 -63
-25 -31
21 31
49 -75
-29 -79
-40 -28
64 -10
-96 42
80 -84
-52 -68
73 -8
39 1
-33 -88
49 49
-80 91
-8 5
-3 -79
12 -18
-96 57
95 49
50 -59
81 53
56 43
-63 -97
-83 5
70 80
-6 3
76
89
34
18
97
54
14
37
72
68
69
99
16
24
88
13
38
51
68
60
81
74
4
45
32
7
41
15
16
78
86
24
87
85
45
1
17
14
46
36
87
85
38
78
6
67
52
83
2
42
75
96
30
26
33
25
45
62
30
36
70
76
41
45
84
97
44
76
53
33
18
59
9
35
44
90
73
32
30
27
62
95
14
91
85 96
-64 -48
34 -35
-45 4
76 -46
39 -87
-42 -37
-38 -49
-4 35
-40 67
-88 88
57 -89
50 34
-85 47
18 -16
-51 4
-57 -83
-27 67
86 -20
-6 -37
-28 46
-62 -62
65 -54
-26 82
55 70
-2 100
65 66
-7 0
-50 -72
-69 -36
-68 79
18 -23
12 -78
-86 -61
39 -49
-59 48
-45 65
95 -89
-12 92
64 47
-28 79
-70 2
-49 -19
92 -97
48 100
-92 -7
-42 -80
-16 9
44 59
52 67
-38 31
-96 84
-90 100
-19 -24
63 -73
6 89
-29 -94
-35 98
-59 79
-55 29
72 -89
-61 0
38 48
-8 26
4 -65
-97 3
-78 -17
-66 58
21 -37
-100 -73
33 -4
-82 11
-18 -75
-56 -4
-6 39
67 -48
53 24
-45 -76
95 17
-71 -88
-16 82
52 -10
-35 -12
31 -69
-43 -13
25 40
48
44
94
72
72
4
60
83
84
28
92
79
49
11
22
74
26
52
95
48
97
81
22
11
57
50
36
60
99
34
45
18
5
78
65
99
25
58
85
40
95
73
77
91
27
62
100
23
58
32
29
1
21
52
22
44
100
74
100
91
30
81
21
93
74
70
88
59
75
50
82
58
62
19
33
28
44
87
9
32
30
84
4
58
91
30
29
15
60
43
15
6
46
78
81
91
74 55
-65 -27
2 -24
-62 -98
-37 67
35 18
-93 -86
-5 16
-47 43
-97 -62
-10 -7
-41 28
-81 -67
42 80
-77 51
12 31
-70 83
21 -81
75 -10
-27 -51
78 -81
32 54
-76 -25
-56 36
71 -17
2 73
32 -86
97 -81
17 48
49 -71
-29 -12
43 87
-72 70
-24 -65
-97 81
-19 17
74 80
80 75
27 59
25 55
33 90
-39 -19
99 -54
80 95
0 -85
-76 -24
60 -39
-59 -12
-11 30
-77 10
60 55
-76 -13
64 -52
100 41
94 74
74 90
-74 46
74 -77
-70 48
-10 62
88 59
71 -45
-94 -64
-23 96
-9 63
-73 100
31 20
-2 5
-44 -44
-36 78
96 38
-16 38
28 -47
-20 -46
-56 -97
34
3
27
52
24
25
47
41
37
2
77
51
97
39
51
33
71
25
4
42
79
31
99
27
80
18
64
96
95
34
29
54
23
60
94
90
48
28
35
21
28
46
90
25
23
44
100
50
49
89
40
25
64
89
47
98 91
-34 -42
-67 30
67 99
-57 -65
74 -41
-48 -91
48 -63
38 5
42 35
41 64
-33 -8
34 87
64 43
-67 -22
-31 -93
4 -4
62 -83
-85 -38
84 -42
77 25
-89 34
-87 36
-53 16
-10 -92
100 -53
96 4
67 63
-83 -21
-71 -91
-87 75
-100 -99
-55 91
-82 -43
53 71
30 39
51 90
-67 -27
5 6
14 -95
-66 -75
-28 -65
-21 77
100 -65
-39 68
7 -74
37 -47
58 -71
-80 -73
-40 -84
-57 -100
6 30
-71 78
74 -54
53 89
-3 -91
-59 -10
22 47
97 8
40 62
-11 11
69 -36
41 -52
-30 -82
64 69
94 48
13 -39
53 -75
-100 -31
-82 -75
-90 84
25 5
1 69
90 -78
85 71
19 -37
-51 -76
-69 91
82 -55
-54 -95
30 -96
83 -9
91 94
2 8
81 -3
-65 73
40 -48
-13 79
24 -21
78 -4
-19 80
-54 75
-91 -53
95 -41
-66 -31
66 17
-14 63
-25 -30
36 73
35
2
59
22
1
84
20
80
64
76
12
56
38
74
0
44
9
91
31
44
99
0
75
42
1
76
95
28
35
6
57
82
95
36
42
8
66
98
49
90
41
23
72
76
43
36
3
89
15
96
10
50
1
22
32
57
50
36
21
90
48
16
77
4
10
100
21
63
29
17
85
59
96
18
62
67
4
31
47
35
88
47
61
62
35
25
87
14
9
33
69
67 95
-25 75
-27 -41
65 -96
-32 -43
-63 41
19 54
-18 -18
-54 -50
-21 19
54 10
56 44
-43 -81
37 10
56 -63
-87 -94
70 -69
-91 -6
-88 60
-45 54
35 -27
-82 -32
-29 -68
-2 70
-42 -70
-46 -1
24 2
-87 -44
-40 62
89 -1
18 -16
25 -52
-39 -85
-55 -67
-7 -60
90 -57
-65 -22
-93 -44
-68 29
36 90
15 -97
15 -46
40 -69
-84 -34
-100 -71
-97 45
-23 -42
-11 93
-78 85
81 59
65 3
-5 -96
-6 -85
14 -6
57 11
31 -18
33 54
-62 60
-79 87
-52 -39
34 -99
97 48
-37 -78
-17 -44
98 -47
-95 -43
-84 29
-91 4
74
54
11
62
61
97
62
64
39
19
8
79
81
9
70
18
66
18
40
21
67
10
70
20
41
23
18
53
65
37
23
47
31
58
33
17
35
79
73
46
57
7
95
24
90
59
88
17
93
80
16
71
37
10
36
1
22
46
9
85
10
65
27
7
44
21
24
73
17
88
76
62
57
28
2
1
60
2
11
29
45
24
10
71
66
6
48
41
86
88
28
86
37
80
54
79 88
-96 10
-89 72
-46 -42
96 49
16 -61
-12 -15
52 -62
-43 33
56 -72
64 33
66 37
-48 -97
43 19
45 31
77 -65
17 -60
87 75
43 67
-46 47
53 17
77 62
-44 -51
-24 61
-78 -55
55 11
-76 53
-93 20
-25 16
28 83
44 -91
-8 25
-10 71
-91 34
1 3
19 76
30 -12
84 65
-70 -74
-2 83
-42 -83
75 33
-25 -89
13 -99
20 -79
81 34
-76 -55
54 84
-69 -62
2 -29
-81 49
-7 31
10 -6
97 -94
13 -63
-6 -47
-10 -85
-29 -43
59 41
22 -83
-77 60
5 6
10 -63
8 -17
-69 26
56 -58
-56 -84
99 7
83 -97
59 -83
-61 -47
-2 96
70 -61
87 -46
26 24
-61 7
28 -67
68 -49
22 22
-21 -82
74
70
58
78
86
18
16
74
17
73
20
12
96
56
90
14
6
59
33
36
52
74
25
87
82
21
40
54
12
20
3
22
91
73
94
89
77
46
5
5
19
51
88
38
88
91
23
99
83
72
2
62
8
19
91
79
26
63
41
73
41
36
21
3
99
75
1
85
84
85
47
48
27
71
94
99
42
93
26
61
26
89
80
1
74
92
93
83
