50
-328414968 408739143
698391793 -844399002
543547895 -481754167
-455732217 763302111
-1543445 375793114
490618298 -377880967
878623184 -582836602
93864178 715292100
472678448 -104312242
-53926769 966996449
996184376 -665363327
452824853 881290804
835193196 -261745213
384604938 964594851
908492408 780897817
692434511 385672939
773166355 346706926
920088417 713424662
932014267 359365921
924545437 -17437598
864198092 112504124
788772090 283460136
964774963 -404843452
971483737 -517794534
991518345 24348213
953624283 948657061
127110174 986300969
-20721661 997536212
106218243 845493694
304658405 784174380
316007333 933158570
892753058 -421330476
667635342 -147014877
88429485 757968015
27084556 899537036
597857473 123093450
466596704 352438478
633636759 73675068
557479294 202949278
621120361 126033617
440196338 401501804
-21784711 992425222
-492308847 780165993
-393928205 -597900931
77599282 -266262350
-337363078 -80121533
-102693497 -261545470
-306795699 -402491419
-280675052 -442738413
-370131282 -387801273