50
858286181 744597638
-748123221 361182552
129196061 -397226778
-193719507 85225494
726017261 -465549913
439604634 -407813482
632858644 -865485474
103264346 -238278499
729910030 -991823546
-597411207 -265184960
-964845833 -618083908
79611484 -721901350
-265776267 -954213521
-338281790 -820183781
-597784247 -758508720
-587666410 -924589298
-475082378 -902350068
-565454270 -992435529
249646809 -974754334
-211481715 -983342573
311730009 -803534594
-18744755 -643837796
-339557009 -663533952
-148838729 -584431013
-356519362 -658807354
-835382885 -623314905
-199102289 -524891707
214192776 -739653813
622307732 -941383364
303558234 -966013930
655303786 -996834956
-772846351 -995003332
-881427960 -984787939
-971850851 -815877190
-955994623 -164233086
-809896269 -135986523
-496657946 -15094468
-534995874 -93038382
-255784306 -369267360
-431340259 -92557509
-27315086 -288756670
-477574184 89808439
-590212872 -29921722
-503649031 -17394801
-981552102 -103925671
-889685540 432216011
-805192737 818223781
-965121673 866384750
-24794371 585850820
776747807 854733258