80
634784661 125267791
137852011 -79965485
917126195 -463110852
-112740930 -704663417
523211213 -963238472
-730366879 -541682190
26532609 -466613717
-39910035 382435036
625911252 831725113
924573241 155708127
773789241 774491532
820411392 519331288
790681031 566222272
720885806 925539765
-128676789 415395232
-861961629 -361764810
-717039887 -271420557
-302618245 -498321047
-502427806 -397264359
-972353764 -419908170
-469062705 752057279
634734117 927172195
-269751549 890780997
-49538795 879855409
-744124549 859498148
-178431443 971461102
-41619955 962269574
-56261865 911670528
195400002 944523206
877435525 948013662
26979203 977734209
686999318 964485070
71642357 993325193
-108305594 976448428
-633271641 953673569
-797618664 891182711
-772548326 275061983
-962032732 735545209
-963031730 128739946
-991386773 820001527
-987914251 -152735400
-934314087 228031832
-848249382 263046801
-993604261 -433205097
59007452 -880980171
-226202412 -888791304
-296538421 -944887910
-281794923 -886750241
-527707182 -966623103
-353140754 -968529314
835026648 -966030929
532893110 -730818502
693101048 -774890713
986134988 -398709069
203158431 -90311226
955397635 -233755737
651815007 425818210
770458614 178685048
653693734 747652021
399001121 549971775
306599759 516489707
584783534 208572922
147016252 448377113
333470637 334158994
522868279 171387246
17173806 26973477
62843569 -197393490
173180424 -306377438
281028261 -419833595
77166152 -290667051
24907640 -523794894
61101656 -548258715
-278977475 -689596074
-95464260 -690990660
433616898 -504538127
798151294 -490461389
265684542 -483545083
513453605 -363088479
68570126 -129034504
391790518 119886860