70
-208439680 -931849805
731375757 -906878119
400197702 -171052145
751835570 -3009506
-570802494 99641426
604902812 -875070125
10472414 -61829274
266372737 -441044813
-268939334 -58268250
-208623638 -61842310
453123119 -48386754
404634895 -68833346
192863769 -58113000
386222934 -141154055
280496367 -164159516
565546737 -653355646
624834808 -840186864
726375480 -895889924
-210257411 -747728777
-808731102 -639029419
-882351680 965030561
982336175 630375806
372297851 62810473
842682885 305695875
869594560 -137025881
803850350 -259574934
812373445 174612238
777993544 -313752296
512132392 -417903247
806803837 -797755345
976677138 -713159400
982487797 -819721877
990610219 -436018568
823315022 -657970516
947363274 -519201474
938232420 -615159667
965722614 -664861794
876900188 -705115627
681740137 -633318718
812964470 -482410798
710849646 -488677759
986577740 114428003
804649773 435127832
908110742 373930640
990706961 524324574
989721877 17448355
830057363 -359747539
950589788 -229922828
911319652 -268895981
962899490 -50017474
996547236 25120102
997453099 685319168
489732285 729881795
780414215 753153807
588215691 771030615
-180965834 897096967
-81492397 933773785
899118799 826758215
-54172430 990701159
-303072004 929799633
-893322323 979979369
-893060472 -72999299
-847031692 -535407658
-953055171 -599556097
-907678261 589375938
-891321972 -202816735
-912138784 850160710
-980234492 447032311
-941433664 640987848
-988811169 -931640690