100 24
788035494 -107398031
-712728144 773891993
429279104 -365137858
-761749020 -858157608
-644628316 452929845
-111779271 -420112513
-555237961 166978812
-234205822 -311640377
-517762066 -230393513
-294276803 -630310234
87145905 -462393596
-412324525 349319627
-818048304 893864732
788307282 364979390
621220158 129866818
722937788 267612346
875477485 -254076426
859683627 334829169
-316931004 966597481
743496821 694503726
487436324 715954383
317676611 656529759
641774001 452495292
539912858 594572995
474427778 692093755
718301996 637004301
724611010 623844040
896714150 687485318
441161306 797215365
722275275 858563212
567538329 901485790
824423472 917089401
880949744 860105931
790717881 996178987
-492268644 982047602
440335119 488387567
-680859213 938082411
-760780977 964782248
-262370518 763441389
316459288 528884291
-793161346 888755286
-612786567 892056576
-895526130 987645628
-840790143 839432009
-471736855 419719108
-407150625 328237362
-283325238 123424340
-248120541 63117499
-7214715 -409117799
-527878230 369464453
-489395990 257446133
-836422201 774395726
-997154115 -526983561
-987048829 -768729795
-821511583 -725788161
-831858218 730058708
-746248264 -505502740
-799534262 -826216564
-884893279 -932401146
-814049736 -956947870
457852732 -998252209
-668092860 -937243627
-352451612 -855705565
-359554433 -910520677
69875479 -591445524
-16092924 -568707015
153257273 -548381005
615873466 -437957462
26820848 -763558544
292267448 -916359460
758116968 -675223773
522756045 -824604611
842006987 -985963128
749901854 -349019362
161367411 -530620052
282336313 -460593158
348252949 -459055958
659572345 -255494777
840199268 -409309098
766395370 -298547979
103056612 236015491
297695109 155913295
-194350662 455460457
323686836 -202616670
60976900 217613651
127358257 76300476
-11209737 332732981
405694790 -288475360
315355957 44751689
423770962 -42766481
551626119 -264062002
372861137 -304704506
390695811 -282854233
-165498386 354700786
227821824 -117908763
-389106604 568579766
356221054 141350636
391087720 52844726
392295059 57022491
672482575 -137027000
1
15
17
23
30
33
35
50
52
54
55
59
60
69
70
72
74
77
80
85
88
93
94
100
50 12
-328414968 408739143
698391793 -844399002
543547895 -481754167
-455732217 763302111
-1543445 375793114
490618298 -377880967
878623184 -582836602
93864178 715292100
472678448 -104312242
-53926769 966996449
996184376 -665363327
452824853 881290804
835193196 -261745213
384604938 964594851
908492408 780897817
692434511 385672939
773166355 346706926
920088417 713424662
932014267 359365921
924545437 -17437598
864198092 112504124
788772090 283460136
964774963 -404843452
971483737 -517794534
991518345 24348213
953624283 948657061
127110174 986300969
-20721661 997536212
106218243 845493694
304658405 784174380
316007333 933158570
892753058 -421330476
667635342 -147014877
88429485 757968015
27084556 899537036
597857473 123093450
466596704 352438478
633636759 73675068
557479294 202949278
621120361 126033617
440196338 401501804
-21784711 992425222
-492308847 780165993
-393928205 -597900931
77599282 -266262350
-337363078 -80121533
-102693497 -261545470
-306795699 -402491419
-280675052 -442738413
-370131282 -387801273
2
8
12
17
24
25
28
30
36
41
42
44
50 13
858286181 744597638
-748123221 361182552
129196061 -397226778
-193719507 85225494
726017261 -465549913
439604634 -407813482
632858644 -865485474
103264346 -238278499
729910030 -991823546
-597411207 -265184960
-964845833 -618083908
79611484 -721901350
-265776267 -954213521
-338281790 -820183781
-597784247 -758508720
-587666410 -924589298
-475082378 -902350068
-565454270 -992435529
249646809 -974754334
-211481715 -983342573
311730009 -803534594
-18744755 -643837796
-339557009 -663533952
-148838729 -584431013
-356519362 -658807354
-835382885 -623314905
-199102289 -524891707
214192776 -739653813
622307732 -941383364
303558234 -966013930
655303786 -996834956
-772846351 -995003332
-881427960 -984787939
-971850851 -815877190
-955994623 -164233086
-809896269 -135986523
-496657946 -15094468
-534995874 -93038382
-255784306 -369267360
-431340259 -92557509
-27315086 -288756670
-477574184 89808439
-590212872 -29921722
-503649031 -17394801
-981552102 -103925671
-889685540 432216011
-805192737 818223781
-965121673 866384750
-24794371 585850820
776747807 854733258
4
7
9
13
25
32
33
34
37
40
45
48
50
80 21
634784661 125267791
137852011 -79965485
917126195 -463110852
-112740930 -704663417
523211213 -963238472
-730366879 -541682190
26532609 -466613717
-39910035 382435036
625911252 831725113
924573241 155708127
773789241 774491532
820411392 519331288
790681031 566222272
720885806 925539765
-128676789 415395232
-861961629 -361764810
-717039887 -271420557
-302618245 -498321047
-502427806 -397264359
-972353764 -419908170
-469062705 752057279
634734117 927172195
-269751549 890780997
-49538795 879855409
-744124549 859498148
-178431443 971461102
-41619955 962269574
-56261865 911670528
195400002 944523206
877435525 948013662
26979203 977734209
686999318 964485070
71642357 993325193
-108305594 976448428
-633271641 953673569
-797618664 891182711
-772548326 275061983
-962032732 735545209
-963031730 128739946
-991386773 820001527
-987914251 -152735400
-934314087 228031832
-848249382 263046801
-993604261 -433205097
59007452 -880980171
-226202412 -888791304
-296538421 -944887910
-281794923 -886750241
-527707182 -966623103
-353140754 -968529314
835026648 -966030929
532893110 -730818502
693101048 -774890713
986134988 -398709069
203158431 -90311226
955397635 -233755737
651815007 425818210
770458614 178685048
653693734 747652021
399001121 549971775
306599759 516489707
584783534 208572922
147016252 448377113
333470637 334158994
522868279 171387246
17173806 26973477
62843569 -197393490
173180424 -306377438
281028261 -419833595
77166152 -290667051
24907640 -523794894
61101656 -548258715
-278977475 -689596074
-95464260 -690990660
433616898 -504538127
798151294 -490461389
265684542 -483545083
513453605 -363088479
68570126 -129034504
391790518 119886860
2
7
14
22
30
32
38
40
41
48
50
51
53
56
59
61
66
67
70
71
74
70 16
-208439680 -931849805
731375757 -906878119
400197702 -171052145
751835570 -3009506
-570802494 99641426
604902812 -875070125
10472414 -61829274
266372737 -441044813
-268939334 -58268250
-208623638 -61842310
453123119 -48386754
404634895 -68833346
192863769 -58113000
386222934 -141154055
280496367 -164159516
565546737 -653355646
624834808 -840186864
726375480 -895889924
-210257411 -747728777
-808731102 -639029419
-882351680 965030561
982336175 630375806
372297851 62810473
842682885 305695875
869594560 -137025881
803850350 -259574934
812373445 174612238
777993544 -313752296
512132392 -417903247
806803837 -797755345
976677138 -713159400
982487797 -819721877
990610219 -436018568
823315022 -657970516
947363274 -519201474
938232420 -615159667
965722614 -664861794
876900188 -705115627
681740137 -633318718
812964470 -482410798
710849646 -488677759
986577740 114428003
804649773 435127832
908110742 373930640
990706961 524324574
989721877 17448355
830057363 -359747539
950589788 -229922828
911319652 -268895981
962899490 -50017474
996547236 25120102
997453099 685319168
489732285 729881795
780414215 753153807
588215691 771030615
-180965834 897096967
-81492397 933773785
899118799 826758215
-54172430 990701159
-303072004 929799633
-893322323 979979369
-893060472 -72999299
-847031692 -535407658
-953055171 -599556097
-907678261 589375938
-891321972 -202816735
-912138784 850160710
-980234492 447032311
-941433664 640987848
-988811169 -931640690
1
4
6
15
17
30
34
36
47
52
58
62
66
67
68
70
